11004250
39082427
90043733
62231863
12055167
22023833
91014332
90073189
88029150
12049432
91000508
90015954
33006476
68023176
12013886
65000633
66640023
35264007
50600217
31164987
90042712
88034480
88000058
50501691
66638770
77007790
68042245
19008991
70015794
31288146
77026348
22000913
19012655
25006150
11021280
19017481
90013910
88014644
66640656
33008898
68082580
86003895
88012495
35148437
77003644
58032289
90024075
28003657
88007772
12081249
97001460
19010668
31557989
40244603
18000596
12020709
77014967
66621792
70051145
67000743
18024697
66604740
66020386
31542273
58020907
66706237
88017245
67022530
68000867
31518766
88018565
59002777
58025720
97002395
88006988
39984651
58027317
67007568
70060765
35000603
66639438
62072927
99012767
66020261
66657377
70012647
66622342
40659490
91003255
63003276
70002181
35165722
90073657
67025797
70087160
88040308
88028881
35559389
12072775
68038703
62608346
40125888
99011289
66640192
88012930
58024832
70006196
80012134
70036720
77000261
33003446
35266027
88048333
67032223
99022843
40132850
88030972
40187160
12029913
66625284
19013160
35302301
68068395
40046917
86025536
40218880
40216376
39966426
12013127
62204290
39271449
35295292
12007339
88016408
50600143
50001414
18016010
62141487
77014912
11009789
68086151
70066710
90020891
58016052
12013204
62193987
68041811
90045229
11021422
40225161
88016044
67020965
58027906
22026662
12026240
12018487
59007156
68077933
70034669
68070086
39011618
12015637
77025817
68069538
70018328
89002655
66643086
40086399
96010427
12072481
66706503
59007910
68082320
11015342
88035382
39012495
12038991
77023986
77009996
19005223
66641916
18006465
88027129
58031260
77031519
88009992
66635766
59011379
66642052
56003991
77032709
68063767
88032965
12067203
68077739
68045125
70033417
23000033
12050421
63033219
66622504
70014292
68003130
11017379
70042659
40710890
68048719
70028956
12014708
35165799
77000254
68035456
70066073
90004884
80011056
70053860
90045160
99000173
90004879
40469923
25002675
62590102
99028854
40047677
18023818
80006461
96003234
96008677
86015151
66672385
11003466
12005883
18029696
58028191
66630956
86035321
80007682
70021216
70010580
62508350
90058173
35543261
18029739
12005708
18008437
39134153
58029810
66608249
66624025
59007309
11013841
68095257
59001385
35253975
88016435
68092833
88011290
19014552
68093665
66622344
59000290
12006723
11012107
40370237
68071841
62323471
18026527
27001383
90055833
86030631
71002728
62252415
77006649
90024411
88036712
12029036
89004028
19002326
77021556
59006450
58015712
35247255
22027880
86046151
18002077
59011210
12054106
66647969
58026383
18028259
11022478
39992232
68046450
68041303
66651609
66642067
11000647
39976109
68053409
35128256
40502253
70021576
90050960
68018639
88050163
11000133
22015403
22012119
58024400
22007830
90045157
18012839
18030243
40663676
90070504
77001143
97006843
58024367
88015788
40155385
90070427
12069498
77032547
12048811
66651702
80008344
71006542
62328655
90024893
68040953
77013188
40239269
77003808
40048232
97009358
40317516
66622706
39048759
70067683
35561797
68084359
40055353
77018408
40165912
18019473
90008333
52012412
18026957
12008833
40676176
91016176
58019088
88039652
59000915
66640386
11005948
88047587
88014452
66011108
86007413
68028285
35304998
70021506
40023923
68057557
86025734
68006278
89002231
88029060
19005369
90059024
31247785
88019720
19004339
66604333
27033190
97000977
31641609
12027445
40738286
90056054
56004111
91015780
90077538
68001529
39982453
86027152
68021419
77007868
67034119
89000628
12020069
70002604
40024756
90049557
68032692
11023097
50503231
66020506
31017641
18011897
56001250
88041082
19013140
66615166
40521078
18001937
19004386
70082916
66674226
66654123
40417559
86025365
12038126
90045560
67001179
70042585
68018679
97004308
86031678
10001458
99022616
70028673
99026564
70053635
90024007
86042928
40042408
77011977
31257332
88051430
70063582
58025786
99008043
77036408
31504828
50023674
68043281
18008523
40165248
80010147
62542188
58017219
90043899
56006848
40047301
66641833
40078295
91016907
39973086
66632530
90046558
97003862
19012222
59002302
58036672
68064243
40687235
90062187
68024500
91016721
90056517
50021018
40749498
99021532
68070471
68030718
59006565
88001204
86044325
88032567
88057187
70060136
31576090
99028153
62581643
18022262
12034328
70015914
68092411
35027901
88014495
12053558
67010937
58014728
31507236
59006050
18024266
68022416
10501178
90049674
99003156
12050623
12032025
11022399
68053520
66611810
66660337
70064035
53000485
77020209
35061026
68019649
22031455
12012579
40134352
86008038
39962283
31013757
12039151
90001418
27002323
68038910
91005229
86014989
19009715
66641536
12072750
66619256
68038607
90018401
90018244
66021297
31100880
70034197
40704367
22029077
22031388
68031476
40113615
59010600
12081221
58019501
40459258
11019355
61000376
91017018
55001795
12016551
62225407
77032406
90018814
66624917
35165971
86010002
67027716
70013123
71001693
70065078
62310229
11007015
66016828
90051350
12049757
70053866
40603737
99035487
88002471
12051767
35615510
70066707
18026449
66669680
35585213
68055045
22015069
11000472
22008126
58017576
66641655
71002911
51000458
31028685
18028941
66018145
82003826
35279422
77000931
70034848
40618141
39978226
18024987
68009692
31011658
70025821
22028687
88001596
88023722
27006956
40639802
77002780
39978232
99017845
40837182
90061852
19017487
90069225
62167287
88002597
80006708
91003237
12058045
12041849
65000587
70014036
66631793
66620573
67000448
77031768
88009539
18001087
39942630
66008025
88032228
90023713
56001731
80004065
12071896
58001296
12037616
66634855
18026793
66662742
39956361
66618732
19017232
70026918
68071157
11016316
39986019
11011586
23000143
70066150
39967029
90047452
66671966
68065008
11000518
11004607
68058172
70028941
18026248
91009972
88051386
22016189
62670789
70080789
39268609
77030035
81000131
99017821
40760381
22027675
99021073
12014654
31141917
77041039
90043421
99021253
88010606
52002428
22001600
68037760
58018443
58012827
35046518
12011860
58022991
18026943
66642985
59009318
40201958
12031501
31160419
90005795
40608665
11022780
66696947
90054559
68012222
90069810
24000980
70011569
19015768
85000053
39082533
62104125
98003528
96000875
24000955
66639568
18032342
66660351
99025237
66620078
35209210
77027414
22028388
90075207
22027197
70021525
58028340
90018000
99009371
77022299
39266149
77002262
68092732
12014680
99030413
86028370
68008459
77026729
39009937
99030129
35517861
68025736
80001421
66616507
11007332
77027657
62256503
18001249
77002568
90001533
62552502
12035143
63008236
88007002
18031933
67015941
40009106
97003907
19003587
66642249
82000296
86020649
12006752
88019481
90020228
96011628
12068888
11003228
58022963
58020468
73000492
98003085
51000971
68057157
62591907
11008759
31500079
99021848
39980048
50500920
15001092
12039613
23000170
22021792
25000846
77024524
28003662
68036602
70158082
88036121
89005369
12056272
35215529
59002292
63019373
68009006
31242565
70014641
90062363
99025462
58016557
66643655
31611157
70017428
18003533
86023644
91006233
62117798
28000569
90024536
18030223
70059732
68075971
68055335
35221633
66017597
68075845
68025727
86022618
66640032
99029138
11002395
23000190
68071292
99035210
68082067
31568328
90051840
88030362
71000023
99026051
77007738
62584076
88032031
40665925
58022734
39947001
90054959
62173886
99013076
19009851
68081840
77006611
90046466
66639006
22012529
56004676
86032712
11011005
12006424
70010597
68055175
22020551
68036907
86041888
90077475
39275010
90069570
86003990
68092708
19011019
77013765
68072341
50009675
40615881
66021142
35153532
68006796
40764436
99013776
66604272
97005683
22011373
70025617
40216486
99034850
40840937
70147867
35165830
12060750
88028544
22000151
40624875
22030040
66632106
70049395
35166069
11018000
35211485
12014274
31287697
70014115
40249301
99014237
25001883
67011170
40734445
88014846
52001559
11000427
63000145
58016696
67005779
66637375
18023908
40844380
35022676
33006029
40238181
68035896
11003396
59005868
63009186
12018946
19005973
88012673
39136545
11017258
25008161
62561272
66681242
12031958
39053963
11022870
40643458
68053391
18026238
90017475
65000581
88013238
68011036
70141657
19009442
18022376
18029382
88025086
40593390
33005547
90054834
86026171
63031459
18024639
58012511
88023714
86002182
58024990
31546811
90048880
31126189
68048878
40183881
68064247
53000495
66644137
62168182
18000859
33005388
12019536
19017182
35098260
66016266
77026519
70093317
90041359
31129336
70135335
22026019
62279128
68087139
88007259
25007665
80011209
18010359
58025858
66618721
88022676
88058912
91014666
88023378
96004721
67012173
68001255
86043459
18029212
12013266
88036123
63003195
58028336
35033430
99021792
58030436
68022991
65000596
66010592
39964552
88025332
56001322
90074320
19016299
66640627
80008375
77017717
31680001
88023100
62201658
70083802
88011330
80008873
88027802
99017655
40052107
88010968
25012885
70064786
19017559
66639909
71002256
12024258
91014076
68049520
58036648
59003157
97005898
77026431
90047049
88018960
31540798
86041595
12012828
18004940
80004930
77026759
62050603
62603329
51000466
88025091
19014777
97006823
62167248
59009910
50502177
86018053
86035292
90078591
40037875
66658875
68032988
68074495
12011585
97010688
22023398
56012485
23000181
66006908
68048238
12057598
31309605
58012717
40669525
70089900
19017166
70063438
39003932
66635337
12081386
12035828
40389263
22011940
19000942
12013510
56008538
90040714
40678622
66015575
66615182
88014547
39004257
70047159
19003057
66652789
68001002
68028296
67012147
70066165
35606916
68060490
19008842
50009069
40310813
70012113
40052601
99014114
39958227
12046925
67036566
91016620
19002993
18007182
31509676
18022437
66686737
59003965
40063903
88035122
19005058
59001149
40570265
70007452
12005973
68036617
58018599
68037931
31615377
35227196
67006379
59008090
80009300
97006887
56001598
66651636
68053460
66618451
90007276
66638475
78001607
77032572
58001559
62141926
77040759
12065742
88028085
68085909
25007452
96002730
22009538
67003607
55001033
70009787
70041143
99011150
40245269
90044870
66633202
68062480
88021984
90064641
88000635
68090269
58026701
91014153
86042768
77021742
66621261
91007166
30000102
22008561
66672849
88052085
40078178
70057443
68049592
11014856
77027411
66626682
91016709
68032581
40605747
70006071
62197697
68066229
19006173
12022284
35075780
77021725
62568028
68065149
35059406
12057983
52025812
99023802
80010880
59009723
63007045
66639908
62165255
80011373
11004400
99029523
19004937
35076305
66611504
71000003
40493139
90076720
62303956
68087448
65000609
68052572
89010476
88008128
80012493
77010417
31313477
86003462
58014889
12032616
39049668
11006779
88036918
12034580
18008291
25000192
66652467
86041293
68052733
99012275
88016753
18023739
40638456
90061074
67009976
58025229
68096540
68078671
40010302
66630622
39273198
97007381
76000997
12038258
70056927
90008710
67001167
68058750
62097635
68068652
77012750
68091847
35240708
70039015
68064510
68061408
40109533
70038500
39048973
40618219
68015117
99029170
35160118
91014277
88017135
11008629
58037451
70022066
35140901
18002897
66629295
50600361
88021557
88031801
99019817
96003935
97001775
12022361
66673053
88024586
58016254
80014336
25000297
68086997
88003062
66656426
39983516
59002702
11005699
11016196
77019171
88011186
40554025
88007075
40650230
99025477
88016968
99011733
70046497
88011003
19017311
77001787
68059379
77024179
25001577
66637203
99035386
77017641
23000136
99016673
31573382
12046558
18021477
90015189
39971308
12035541
11014489
68049787
40101028
31671960
66014313
50500778
11000599
88041117
66640186
68051473
19006648
12066249
70129233
99011635
62237850
86024525
19004056
18013197
31561038
12053168
31651533
99032759
81000101
88014568
62288410
70025903
18005267
12029842
88042935
12019997
22025176
70087727
62279011
70152631
12027176
68089226
40242516
66000920
86044216
18006561
11020791
91004805
40025866
88012552
67002389
50502535
70157883
18024042
11021702
59002120
88023254
71001523
12014068
18019543
70014579
77002414
12007382
68086263
88017104
99015726
86044780
22014455
39009928
90072078
40550006
12023953
88057546
77010161
68042339
11008380
40602843
12057138
39049501
90045070
40287321
77032309
80012897
58016625
70027566
88016378
90008726
68032518
62140128
88021970
21001130
88009374
50005259
11017612
90000016
18003278
40316991
70006073
12077553
71003493
18009437
70053109
40383006
70052281
39051677
68036495
35224926
12071909
66007756
50023535
40260281
66643789
40732353
66004593
58019620
12031307
68043189
70012630
99017430
58016979
62673498
99006019
40351255
40833237
62102877
90050545
62629177
77040758
12067716
70000245
51000418
70066696
35609387
67014033
90050616
90075698
91016568
99006693
35065393
99015491
10012730
88019493
35144360
97010547
82003553
68067507
68064665
66008313
68060962
12011949
62590007
58029225
22023806
68024898
40188270
67000352
12046627
89004598
90078286
88014752
11001548
12021106
80015229
66616598
70013011
88051135
40724233
19002551
66021213
88028236
77013636
66704482
40571303
70052489
68024238
12023500
40689231
58031888
62316409
12015101
18026383
12038434
35143746
70018447
58027130
12068422
62326786
90019969
70059850
70020534
70072691
68006119
40202927
12006066
90001079
19003835
62262745
88002324
40493871
77022593
31145835
58016681
77010177
68039508
63002243
18028532
96012105
88001206
19005106
90016333
22022778
68077719
86000506
68062106
68065745
12033891
39268158
66680137
10500055
40553068
39008191
66670277
62514100
90055714
68037131
77022205
66652185
68008487
39048690
12018892
99020010
67007892
40126736
11022515
18031167
77010338
86012868
77027178
39022717
66618446
40551275
88053870
62088105
40767087
31161003
90047717
22021798
88011779
70014526
88022382
68067981
77012912
68096813
88044239
18032372
77001340
40690883
70034839
22033132
68040387
35589971
18022265
31317109
18021404
22015168
88018241
99002715
52007756
91011485
67004573
35166055
88002959
12048469
18006853
35135140
70065540
89002568
31546493
66641547
71002418
40114575
80011670
70018911
89007526
31000483
12034946
12034755
58018960
12024361
88028230
19010308
70159856
70002546
18025003
40558998
88016983
31618238
11009141
90078040
50023478
19011141
58027306
88008934
11015798
22013789
97006217
88043393
68062006
77022928
66674548
99014706
12021329
40104409
66669061
24000967
90046157
37000030
22018342
19013276
66638676
31616828
97007809
70037048
90041831
62103119
52006186
40687873
31083719
40640733
90015558
39975895
12038522
33002272
70066446
11000322
70031950
35500835
12016629
77007963
80000348
66636493
58019680
86028773
99015991
40736171
18032089
68041628
12038427
67028077
28400382
40292890
90012223
40452816
99020191
56001839
86018017
66604866
86003581
40733177
99030640
88034821
88031999
99019585
91006331
40787747
12025300
40208072
68068366
12039062
12015376
40692282
90058157
82000211
70011831
62501297
40198401
91018188
66005794
40157607
90041076
67036888
70007825
39134105
80012541
66625407
18031602
40216899
77031328
12024152
70004820
33007750
12030485
66601217
91001657
88010161
99029408
88007741
66625578
35165777
88019294
31568297
91017175
88010837
58018180
70034305
68069398
66626154
68038576
82004459
77015832
63008607
90075347
15001085
97007419
39962261
66607325
66006784
99016925
56009555
66606326
22018220
86044166
19001969
68023837
40690178
91015382
88032048
91016857
31149759
70026585
77023967
66661015
65000798
80015029
77003776
19001310
18023937
70061988
59004647
12008563
62020768
66643129
27003768
88013481
90070096
18014344
68034820
66681765
40171813
68055395
58027722
66639087
88042593
68000186
40025859
70036405
36001880
88001099
10007240
11014455
25008168
90063764
35604708
68016146
59008267
70061712
12072863
99016667
90008121
80002358
81000159
66638775
99011176
77021492
59007719
12019604
88043973
80000351
62564843
88021620
70048535
88028245
40580278
80012271
90068980
58020642
40113666
90004239
97003970
88034709
10500247
18024839
58016654
99014929
40234938
77005651
80013210
70013822
63002851
88017342
40432900
77011971
12051263
68022582
18031458
88015183
68051956
40423793
35160345
86039543
35248683
70062953
66630640
18007828
67000086
40098812
80002896
99025407
40040090
90069204
77000420
70062311
88032676
68014986
90008836
91015956
12025299
90004018
98008919
58023905
88013310
58027282
98009923
70045208
22022123
22012026
35529549
90046499
39956015
89005258
18011810
90044945
88017877
19002883
11000656
31296688
70089380
66640272
22029066
99023833
35075795
70084529
86044695
58018849
58018794
90016010
12071810
99016903
40129916
90064763
68071368
11004571
12078045
68011366
70013918
66640337
66618592
80009053
66010031
90065751
19011548
70052957
18022073
66009826
50001611
25008651
40290899
11001312
68052026
58000592
12036474
91010097
40106263
66616958
68046433
68056600
66672085
99019704
40697200
88020179
99036436
66627194
25008807
70000240
25005409
90014355
35148327
70032861
18005918
71003172
39265315
22013616
35011729
18028059
89010688
71000928
91005592
70091549
58025843
11016789
40810319
68079355
12081222
67010748
35247447
96008426
77010898
90059112
12009566
68081116
70010515
88004764
90078357
77007240
62262272
88006252
31649051
11017577
40834916
88040650
12081430
58026378
88054275
68080245
18027509
70039026
19009449
70044167
40848691
91006261
66690083
22010628
19017308
99024463
91000555
77004843
68087983
58013114
68013858
77024715
66697956
99009408
22016113
99020085
68096662
77016794
19005666
77028360
35080106
90013756
40218518
99036158
30000093
68000942
24000889
12075747
35548893
90060609
22001234
86019204
11006052
90043721
97007488
90073304
70029962
88041669
25007933
68028491
68000285
66620442
19001839
66684237
62251579
77004623
35591207
12049771
90077566
11009211
66637570
19004883
68040843
66610554
35081148
12057387
12010085
68007583
68015053
59006863
66661230
66627008
62041173
63001263
39000835
59000960
35033293
18007994
63004266
99016900
68042241
97008152
31297768
89002263
65001223
66009869
28003109
68047098
40558760
12052262
88008964
77025425
11004052
70012200
11008565
90046539
40092731
12026100
88035987
80015566
68094132
